0        1        3        2.97        
0        0.95        2.805        2.8345        
0        0.9        2.62        2.61332        
0        0.85        2.445        2.41652        
0        0.8        2.28        2.25883        
0        0.75        2.125        2.12186        
0        0.7        1.98        1.99367        
0        0.65        1.845        1.86937        
0        0.6        1.72        1.7478        
0        0.55        1.605        1.62967        
0        0.5        1.5        1.5167        
0        0.45        1.405        1.41111        
0        0.4        1.32        1.31507        
0        0.35        1.245        1.23038        
0        0.3        1.18        1.15817        
0        0.25        1.125        1.09885        
0        0.2        1.08        1.0522        
0        0.15        1.045        1.0175        
0        0.1        1.02        0.993723        
0        0.05        1.005        0.979666        
0        0        1        0.974077        
0.05        1        2.81451        2.84437        
0.05        0.95        2.61951        2.62065        
0.05        0.9        2.43451        2.41032        
0.05        0.85        2.25951        2.23898        
0.05        0.8        2.09451        2.09011        
0.05        0.75        1.93951        1.9515        
0.05        0.7        1.79451        1.81803        
0.05        0.65        1.65951        1.68806        
0.05        0.6        1.53451        1.56169        
0.05        0.55        1.41951        1.44009        
0.05        0.5        1.31451        1.32519        
0.05        0.45        1.21951        1.21923        
0.05        0.4        1.13451        1.12434        
0.05        0.35        1.05951        1.04211        
0.05        0.3        0.994506        0.97343        
0.05        0.25        0.939506        0.918413        
0.05        0.2        0.894506        0.876579        
0.05        0.15        0.859506        0.847019        
0.05        0.1        0.834506        0.828591        
0.05        0.05        0.819506        0.820049        
0.05        0        0.814506        0.820135        
0.1        1        2.6561        2.65865        
0.1        0.95        2.4611        2.43853        
0.1        0.9        2.2761        2.25226        
0.1        0.85        2.1011        2.09055        
0.1        0.8        1.9361        1.94128        
0.1        0.75        1.7811        1.79885        
0.1        0.7        1.6361        1.66117        
0.1        0.65        1.5011        1.52766        
0.1        0.6        1.3761        1.39866        
0.1        0.55        1.2611        1.27542        
0.1        0.5        1.1561        1.15989        
0.1        0.45        1.0611        1.05431        
0.1        0.4        0.9761        0.96071        
0.1        0.35        0.9011        0.88053        
0.1        0.3        0.8361        0.814412        
0.1        0.25        0.7811        0.762254        
0.1        0.2        0.7361        0.723382        
0.1        0.15        0.7011        0.696773        
0.1        0.1        0.6761        0.681249        
0.1        0.05        0.6611        0.675598        
0.1        0        0.6561        0.678649        
0.15        1        2.52201        2.50036        
0.15        0.95        2.32701        2.3002        
0.15        0.9        2.14201        2.12496        
0.15        0.85        1.96701        1.96449        
0.15        0.8        1.80201        1.81259        
0.15        0.75        1.64701        1.66689        
0.15        0.7        1.50201        1.52642        
0.15        0.65        1.36701        1.3908        
0.15        0.6        1.24201        1.26037        
0.15        0.55        1.12701        1.13636        
0.15        0.5        1.02201        1.02072        
0.15        0.45        0.927006        0.915646        
0.15        0.4        0.842006        0.823102        
0.15        0.35        0.767006        0.744364        
0.15        0.3        0.702006        0.67988        
0.15        0.25        0.647006        0.629341        
0.15        0.2        0.602006        0.591912        
0.15        0.15        0.567006        0.566475        
0.15        0.1        0.542006        0.551836        
0.15        0.05        0.527006        0.546845        
0.15        0        0.522006        0.550451        
0.2        1        2.4096        2.38146        
0.2        0.95        2.2146        2.19295        
0.2        0.9        2.0296        2.02085        
0.2        0.85        1.8546        1.85884        
0.2        0.8        1.6896        1.70417        
0.2        0.75        1.5346        1.55592        
0.2        0.7        1.3896        1.4135        
0.2        0.65        1.2546        1.27652        
0.2        0.6        1.1296        1.14523        
0.2        0.55        1.0146        1.02083        
0.2        0.5        0.9096        0.905215        
0.2        0.45        0.8146        0.800588        
0.2        0.4        0.7296        0.708825        
0.2        0.35        0.6546        0.631074        
0.2        0.3        0.5896        0.567599        
0.2        0.25        0.5346        0.517899        
0.2        0.2        0.4896        0.480967        
0.2        0.15        0.4546        0.455576        
0.2        0.1        0.4296        0.440491        
0.2        0.05        0.4146        0.4346        
0.2        0        0.4096        0.436956        
0.25        1        2.31641        2.29224        
0.25        0.95        2.12141        2.10854        
0.25        0.9        1.93641        1.93617        
0.25        0.85        1.76141        1.7718        
0.25        0.8        1.59641        1.61454        
0.25        0.75        1.44141        1.46417        
0.25        0.7        1.29641        1.32021        
0.25        0.65        1.16141        1.18221        
0.25        0.6        1.03641        1.05033        
0.25        0.55        0.921406        0.925672        
0.25        0.5        0.816406        0.810139        
0.25        0.45        0.721406        0.70589        
0.25        0.4        0.636406        0.614754        
0.25        0.35        0.561406        0.537767        
0.25        0.3        0.496406        0.475031        
0.25        0.25        0.441406        0.425853        
0.25        0.2        0.396406        0.389042        
0.25        0.15        0.361406        0.363226        
0.25        0.1        0.336406        0.34709        
0.25        0.05        0.321406        0.339504        
0.25        0        0.316406        0.339575        
0.3        1        2.2401        2.22465        
0.3        0.95        2.0451        2.04209        
0.3        0.9        1.8601        1.86799        
0.3        0.85        1.6851        1.701        
0.3        0.8        1.5201        1.54128        
0.3        0.75        1.3651        1.389        
0.3        0.7        1.2201        1.24371        
0.3        0.65        1.0851        1.10486        
0.3        0.6        0.9601        0.972522        
0.3        0.55        0.8451        0.847722        
0.3        0.5        0.7401        0.732315        
0.3        0.45        0.6451        0.628446        
0.3        0.4        0.5601        0.537908        
0.3        0.35        0.4851        0.461656        
0.3        0.3        0.4201        0.399648        
0.3        0.25        0.3651        0.351006        
0.3        0.2        0.3201        0.314349        
0.3        0.15        0.2851        0.288137        
0.3        0.1        0.2601        0.270931        
0.3        0.05        0.2451        0.261534        
0.3        0        0.2401        0.259038        
0.35        1        2.17851        2.17333        
0.35        0.95        1.98351        1.98999        
0.35        0.9        1.79851        1.81353        
0.35        0.85        1.62351        1.64384        
0.35        0.8        1.45851        1.48177        
0.35        0.75        1.30351        1.32771        
0.35        0.7        1.15851        1.18122        
0.35        0.65        1.02351        1.04166        
0.35        0.6        0.898506        0.909002        
0.35        0.55        0.783506        0.784176        
0.35        0.5        0.678506        0.668986        
0.35        0.45        0.583506        0.565558        
0.35        0.4        0.498506        0.475669        
0.35        0.35        0.423506        0.400216        
0.35        0.3        0.358506        0.339044        
0.35        0.25        0.303506        0.291109        
0.35        0.2        0.258506        0.254844        
0.35        0.15        0.223506        0.228534        
0.35        0.1        0.198506        0.210595        
0.35        0.05        0.183506        0.199726        
0.35        0        0.178506        0.194957        
0.4        1        2.1296        2.13441        
0.4        0.95        1.9346        1.94931        
0.4        0.9        1.7496        1.7702        
0.4        0.85        1.5746        1.59784        
0.4        0.8        1.4096        1.43354        
0.4        0.75        1.2546        1.27784        
0.4        0.7        1.1096        1.13031        
0.4        0.65        0.9746        0.990225        
0.4        0.6        0.8496        0.857422        
0.4        0.55        0.7346        0.732731        
0.4        0.5        0.6296        0.617882        
0.4        0.45        0.5346        0.514981        
0.4        0.4        0.4496        0.425801        
0.4        0.35        0.3746        0.351215        
0.4        0.3        0.3096        0.290986        
0.4        0.25        0.2546        0.243933        
0.4        0.2        0.2096        0.208323        
0.4        0.15        0.1746        0.182274        
0.4        0.1        0.1496        0.164058        
0.4        0.05        0.1346        0.152256        
0.4        0        0.1296        0.14581        
0.45        1        2.09151        2.10493        
0.45        0.95        1.89651        1.91756        
0.45        0.9        1.71151        1.73573        
0.45        0.85        1.53651        1.56083        
0.45        0.8        1.37151        1.39448        
0.45        0.75        1.21651        1.23735        
0.45        0.7        1.07151        1.089        
0.45        0.65        0.936506        0.948621        
0.45        0.6        0.811506        0.815902        
0.45        0.55        0.696506        0.691538        
0.45        0.5        0.591506        0.57717        
0.45        0.45        0.496506        0.47487        
0.45        0.4        0.411506        0.386422        
0.45        0.35        0.336506        0.312706        
0.45        0.3        0.271506        0.253444        
0.45        0.25        0.216506        0.207357        
0.45        0.2        0.171506        0.172575        
0.45        0.15        0.136506        0.147068        
0.45        0.1        0.111506        0.128974        
0.45        0.05        0.0965063        0.116766        
0.45        0        0.0915063        0.109295        
0.5        1        2.0625        2.08256        
0.5        0.95        1.8675        1.89271        
0.5        0.9        1.6825        1.70823        
0.5        0.85        1.5075        1.53099        
0.5        0.8        1.3425        1.36285        
0.5        0.75        1.1875        1.20458        
0.5        0.7        1.0425        1.05571        
0.5        0.65        0.9075        0.915315        
0.5        0.6        0.7825        0.782942        
0.5        0.55        0.6675        0.659117        
0.5        0.5        0.5625        0.545363        
0.5        0.45        0.4675        0.443706        
0.5        0.4        0.3825        0.355951        
0.5        0.35        0.3075        0.283016        
0.5        0.3        0.2425        0.224631        
0.5        0.25        0.1875        0.179464        
0.5        0.2        0.1425        0.145542        
0.5        0.15        0.1075        0.120715        
0.5        0.1        0.0825        0.103004        
0.5        0.05        0.0675        0.0907853        
0.5        0        0.0625        0.0828294        
0.55        1        2.04101        2.06549        
0.55        0.95        1.84601        1.87314        
0.55        0.9        1.66101        1.68618        
0.55        0.85        1.48601        1.50688        
0.55        0.8        1.32101        1.33728        
0.55        0.75        1.16601        1.17821        
0.55        0.7        1.02101        1.02916        
0.55        0.65        0.886006        0.889076        
0.55        0.6        0.761006        0.757332        
0.55        0.55        0.646006        0.634263        
0.55        0.5        0.541006        0.521243        
0.55        0.45        0.446006        0.420235        
0.55        0.4        0.361006        0.33307        
0.55        0.35        0.286006        0.260737        
0.55        0.3        0.221006        0.203025        
0.55        0.25        0.166006        0.158603        
0.55        0.2        0.121006        0.125435        
0.55        0.15        0.0860062        0.101277        
0.55        0.1        0.0610062        0.0840523        
0.55        0.05        0.0460062        0.0720506        
0.55        0        0.0410062        0.0639749        
0.6        1        2.0256        2.05234        
0.6        0.95        1.8306        1.85759        
0.6        0.9        1.6456        1.6684        
0.6        0.85        1.4706        1.48736        
0.6        0.8        1.3056        1.31668        
0.6        0.75        1.1506        1.15719        
0.6        0.7        1.0056        1.00832        
0.6        0.65        0.8706        0.868895        
0.6        0.6        0.7456        0.738073        
0.6        0.55        0.6306        0.615977        
0.6        0.5        0.5256        0.503798        
0.6        0.45        0.4306        0.403417        
0.6        0.4        0.3456        0.31669        
0.6        0.35        0.2706        0.24471        
0.6        0.3        0.2056        0.187378        
0.6        0.25        0.1506        0.143419        
0.6        0.2        0.1056        0.110784        
0.6        0.15        0.0706        0.087161        
0.6        0.1        0.0456        0.0703904        
0.6        0.05        0.0306        0.0586849        
0.6        0        0.0256        0.0506862        
0.65        1        2.01501        2.04205        
0.65        0.95        1.82001        1.84508        
0.65        0.9        1.63501        1.65395        
0.65        0.85        1.46001        1.47155        
0.65        0.8        1.29501        1.30017        
0.65        0.75        1.14001        1.14065        
0.65        0.7        0.995006        0.99235        
0.65        0.65        0.860006        0.853926        
0.65        0.6        0.735006        0.724319        
0.65        0.55        0.620006        0.603406        
0.65        0.5        0.515006        0.492172        
0.65        0.45        0.420006        0.392385        
0.65        0.4        0.335006        0.30592        
0.65        0.35        0.260006        0.234003        
0.65        0.3        0.195006        0.176696        
0.65        0.25        0.140006        0.132846        
0.65        0.2        0.0950062        0.100438        
0.65        0.15        0.0600062        0.0771266        
0.65        0.1        0.0350062        0.0606797        
0.65        0.05        0.0200062        0.0492375        
0.65        0        0.0150062        0.0413818        
0.7        1        2.0081        2.03384        
0.7        0.95        1.8131        1.83489        
0.7        0.9        1.6281        1.64213        
0.7        0.85        1.4531        1.45873        
0.7        0.8        1.2881        1.28704        
0.7        0.75        1.1331        1.12789        
0.7        0.7        0.9881        0.980529        
0.7        0.65        0.8531        0.84344        
0.7        0.6        0.7281        0.71533        
0.7        0.55        0.6131        0.595811        
0.7        0.5        0.5081        0.48563        
0.7        0.45        0.4131        0.386411        
0.7        0.4        0.3281        0.300039        
0.7        0.35        0.2531        0.227883        
0.7        0.3        0.1881        0.170219        
0.7        0.25        0.1331        0.126078        
0.7        0.2        0.0881        0.0935379        
0.7        0.15        0.0531        0.0702517        
0.7        0.1        0.0281        0.0539314        
0.7        0.05        0.0131        0.0426442        
0.7        0        0.0081        0.034908        
0.75        1        2.00391        2.02714        
0.75        0.95        1.80891        1.82646        
0.75        0.9        1.62391        1.6324        
0.75        0.85        1.44891        1.44835        
0.75        0.8        1.28391        1.27673        
0.75        0.75        1.12891        1.11831        
0.75        0.7        0.983906        0.972236        
0.75        0.65        0.848906        0.836793        
0.75        0.6        0.723906        0.710449        
0.75        0.55        0.608906        0.592533        
0.75        0.5        0.503906        0.483526        
0.75        0.45        0.408906        0.38488        
0.75        0.4        0.323906        0.298459        
0.75        0.35        0.248906        0.225783        
0.75        0.3        0.183906        0.167381        
0.75        0.25        0.128906        0.12253        
0.75        0.2        0.0839062        0.0894645        
0.75        0.15        0.0489062        0.0658781        
0.75        0.1        0.0239062        0.0494433        
0.75        0.05        0.00890625        0.038154        
0.75        0        0.00390625        0.0304567        
0.8        1        2.0016        2.02151        
0.8        0.95        1.8066        1.81937        
0.8        0.9        1.6216        1.62432        
0.8        0.85        1.4466        1.43996        
0.8        0.8        1.2816        1.26876        
0.8        0.75        1.1266        1.11141        
0.8        0.7        0.9816        0.966924        
0.8        0.65        0.8466        0.83341        
0.8        0.6        0.7216        0.709082        
0.8        0.55        0.6066        0.592977        
0.8        0.5        0.5016        0.485289        
0.8        0.45        0.4066        0.387259        
0.8        0.4        0.3216        0.3007        
0.8        0.35        0.2466        0.22727        
0.8        0.3        0.1816        0.167775        
0.8        0.25        0.1266        0.121799        
0.8        0.2        0.0816        0.0877972        
0.8        0.15        0.0466        0.0635575        
0.8        0.1        0.0216        0.0467359        
0.8        0.05        0.0066        0.0352545        
0.8        0        0.0016        0.0274791        
0.85        1        2.00051        2.01665        
0.85        0.95        1.80551        1.8133        
0.85        0.9        1.62051        1.61756        
0.85        0.85        1.44551        1.4332        
0.85        0.8        1.28051        1.26272        
0.85        0.75        1.12551        1.10673        
0.85        0.7        0.980506        0.964108        
0.85        0.65        0.845506        0.832771        
0.85        0.6        0.720506        0.710687        
0.85        0.55        0.605506        0.596601        
0.85        0.5        0.500506        0.490397        
0.85        0.45        0.405506        0.393077        
0.85        0.4        0.320506        0.306358        
0.85        0.35        0.245506        0.232007        
0.85        0.3        0.180506        0.171115        
0.85        0.25        0.125506        0.12362        
0.85        0.2        0.0805062        0.0882698        
0.85        0.15        0.0455062        0.0630046        
0.85        0.1        0.0205062        0.0454984        
0.85        0.05        0.00550625        0.0336091        
0.85        0        0.00050625        0.0256127        
0.9        1        2.0001        2.01234        
0.9        0.95        1.8051        1.80803        
0.9        0.9        1.6201        1.61186        
0.9        0.85        1.4451        1.42778        
0.9        0.8        1.2801        1.25828        
0.9        0.75        1.1251        1.10389        
0.9        0.7        0.9801        0.963355        
0.9        0.65        0.8451        0.834404        
0.9        0.6        0.7201        0.714769        
0.9        0.55        0.6051        0.602901        
0.9        0.5        0.5001        0.498371        
0.9        0.45        0.4051        0.401905        
0.9        0.4        0.3201        0.315079        
0.9        0.35        0.2451        0.239724        
0.9        0.3        0.1801        0.177203        
0.9        0.25        0.1251        0.127838        
0.9        0.2        0.0801        0.0907357        
0.9        0.15        0.0451        0.0640597        
0.9        0.1        0.0201        0.0455481        
0.9        0.05        0.0051        0.0330104        
0.9        0        0.0001        0.0246275        
0.95        1        2.00001        2.00839        
0.95        0.95        1.80501        1.80336        
0.95        0.9        1.62001        1.60701        
0.95        0.85        1.44501        1.42345        
0.95        0.8        1.28001        1.25514        
0.95        0.75        1.12501        1.10255        
0.95        0.7        0.980006        0.964279        
0.95        0.65        0.845006        0.837885        
0.95        0.6        0.720006        0.720873        
0.95        0.55        0.605006        0.611415        
0.95        0.5        0.500006        0.508762        
0.95        0.45        0.405006        0.413341        
0.95        0.4        0.320006        0.32654        
0.95        0.35        0.245006        0.250193        
0.95        0.3        0.180006        0.185898        
0.95        0.25        0.125006        0.134372        
0.95        0.2        0.0800062        0.0951389        
0.95        0.15        0.0450062        0.0666606        
0.95        0.1        0.0200062        0.0468        
0.95        0.05        0.00500625        0.033347        
0.95        0        6.25e-006        0.0243887        
1        1        2        2.00471        
1        0.95        1.805        1.79916        
1        0.9        1.62        1.60284        
1        0.85        1.445        1.41998        
1        0.8        1.28        1.25305        
1        0.75        1.125        1.10242        
1        0.7        0.98        0.96654        
1        0.65        0.845        0.84283        
1        0.6        0.72        0.728585        
1        0.55        0.605        0.621712        
1        0.5        0.5        0.521147        
1        0.45        0.405        0.427002        
1        0.4        0.32        0.340427        
1        0.35        0.245        0.263197        
1        0.3        0.18        0.197085        
1        0.25        0.125        0.14319        
1        0.2        0.08        0.101489        
1        0.15        0.045        0.0708206        
1        0.1        0.02        0.0492465        
1        0.05        0.005        0.0345821        
1        0        0        0.0248321        
